3 1000
98 94 8 
72 65 17 
66 54 6 
31 51 8 
9 53 37 
60 4 16 
0 74 92 
21 46 26 
22 25 55 
27 16 25 
88 14 19 
96 86 84 
13 51 38 
19 83 89 
28 92 41 
66 52 45 
83 53 19 
74 74 66 
100 97 92 
54 23 7 
80 10 22 
99 6 7 
82 19 59 
19 38 41 
8 67 33 
49 32 86 
95 15 38 
14 89 12 
80 89 9 
72 43 33 
79 22 43 
0 20 50 
8 2 69 
68 22 7 
8 30 74 
42 80 6 
27 74 22 
65 89 10 
78 68 99 
87 39 42 
19 18 64 
63 19 85 
12 28 87 
81 96 9 
88 3 39 
62 46 18 
69 73 93 
91 38 81 
1 16 49 
0 2 89 
42 21 7 
6 84 26 
91 97 54 
78 77 50 
87 65 54 
26 27 100 
44 97 73 
37 88 11 
18 90 27 
67 90 29 
56 32 51 
63 38 35 
90 29 31 
43 6 8 
94 94 73 
47 19 0 
46 64 98 
19 0 85 
30 19 74 
58 86 64 
88 42 96 
38 4 34 
73 94 63 
4 37 70 
12 30 63 
86 77 82 
86 23 46 
84 43 47 
68 74 66 
42 31 52 
5 18 94 
1 57 98 
36 30 92 
100 34 29 
69 46 59 
32 32 36 
14 18 60 
60 1 2 
6 70 76 
72 11 7 
23 17 26 
16 19 83 
14 55 13 
6 55 47 
35 23 94 
94 55 25 
30 69 44 
91 29 45 
94 35 14 
70 6 26 
77 30 43 
2 47 63 
86 62 18 
99 68 73 
46 2 96 
39 97 51 
65 27 20 
8 17 49 
53 10 85 
68 80 91 
94 57 21 
37 60 68 
100 45 29 
17 44 97 
90 90 100 
86 29 96 
37 94 23 
58 1 40 
6 55 51 
91 23 30 
82 16 87 
2 53 46 
71 53 92 
100 70 35 
97 60 25 
97 46 54 
93 84 48 
15 41 50 
56 47 4 
6 38 27 
37 20 44 
23 23 98 
70 94 51 
62 94 21 
98 91 81 
22 87 27 
77 79 10 
24 94 51 
74 49 99 
79 56 36 
6 93 57 
50 16 80 
48 86 73 
99 48 66 
19 45 56 
0 67 43 
27 44 21 
38 68 15 
89 41 65 
88 19 20 
23 26 12 
81 76 28 
60 24 14 
32 22 62 
99 42 6 
55 42 74 
98 70 18 
19 8 86 
34 98 27 
99 85 47 
19 8 73 
31 89 49 
60 48 73 
74 81 96 
36 80 38 
43 34 81 
17 32 50 
35 52 59 
20 87 56 
48 85 40 
95 4 48 
67 35 36 
16 95 85 
90 69 65 
85 4 44 
22 48 79 
2 65 11 
53 100 63 
11 20 49 
68 68 34 
7 63 38 
55 30 74 
92 46 69 
76 35 38 
41 20 43 
86 42 91 
64 45 55 
76 99 55 
39 10 75 
89 78 43 
23 86 5 
62 41 35 
35 32 82 
4 8 16 
42 50 36 
85 35 79 
76 99 24 
30 75 22 
86 13 33 
60 1 10 
3 24 96 
8 86 36 
44 21 69 
25 25 78 
41 68 27 
78 53 62 
57 28 61 
81 59 35 
3 44 49 
36 4 50 
46 7 75 
42 15 61 
79 60 82 
47 85 7 
24 26 76 
52 4 28 
13 61 56 
74 41 15 
9 44 59 
58 80 64 
8 26 71 
84 69 87 
44 47 46 
26 95 31 
33 19 57 
8 71 62 
37 84 22 
94 58 64 
8 68 8 
68 25 89 
31 34 14 
2 17 83 
90 61 30 
36 87 24 
67 20 43 
24 29 13 
86 66 98 
8 59 56 
72 68 23 
80 35 49 
68 67 83 
83 70 0 
66 59 61 
96 95 48 
20 61 69 
64 86 98 
78 71 64 
75 80 23 
31 51 91 
54 31 26 
3 100 94 
87 82 63 
87 48 22 
48 44 16 
96 64 78 
64 27 63 
62 4 34 
26 80 13 
49 10 65 
40 65 96 
67 69 95 
60 55 77 
23 41 24 
45 89 69 
62 85 32 
39 49 60 
1 10 65 
36 37 45 
50 86 56 
14 26 21 
9 93 90 
4 52 44 
82 76 86 
5 21 75 
74 83 59 
6 21 7 
67 23 18 
32 59 55 
78 8 41 
33 23 67 
54 32 59 
44 37 11 
89 18 88 
74 24 8 
48 99 91 
7 5 11 
14 72 34 
33 4 94 
89 82 2 
29 15 25 
96 70 58 
55 13 95 
67 1 13 
54 76 37 
62 24 35 
52 31 40 
64 45 12 
99 78 17 
92 66 100 
95 96 14 
19 92 84 
77 46 98 
72 13 99 
85 67 75 
22 29 99 
58 81 29 
99 45 75 
10 43 52 
28 35 18 
27 29 14 
41 49 5 
25 26 52 
22 98 65 
21 83 31 
96 5 60 
95 63 41 
23 61 86 
98 72 29 
50 100 64 
69 27 94 
83 68 42 
89 94 68 
40 15 66 
4 37 49 
36 33 54 
97 27 16 
38 50 78 
24 48 49 
53 99 49 
17 67 76 
11 50 44 
54 38 37 
21 79 53 
88 84 90 
36 19 22 
91 16 49 
7 54 100 
85 78 48 
34 31 46 
83 49 13 
59 60 64 
3 13 1 
40 35 81 
94 23 64 
83 59 84 
5 50 0 
55 57 54 
55 42 32 
2 76 64 
49 59 12 
63 17 73 
26 21 86 
28 62 21 
8 55 44 
73 38 3 
56 44 53 
56 99 10 
10 54 52 
43 57 27 
6 5 87 
19 68 4 
92 94 25 
77 22 87 
98 30 41 
42 3 80 
45 59 23 
98 15 21 
7 26 75 
60 70 32 
87 76 37 
73 95 5 
77 86 100 
2 63 21 
89 61 52 
29 2 55 
9 47 14 
32 45 30 
54 53 56 
29 12 25 
61 100 1 
98 73 97 
3 49 83 
2 51 45 
23 40 6 
76 70 8 
30 79 56 
44 10 1 
74 64 54 
30 94 66 
56 54 65 
58 52 37 
54 55 87 
36 57 38 
82 81 78 
89 56 48 
98 86 26 
53 30 36 
55 4 0 
8 35 94 
74 91 48 
39 49 100 
77 2 54 
63 39 10 
1 21 92 
80 9 47 
27 6 33 
53 60 64 
90 14 68 
91 23 2 
85 98 94 
32 36 42 
31 13 45 
85 76 85 
96 78 5 
88 57 15 
35 85 22 
68 38 83 
32 28 98 
100 18 20 
2 3 17 
96 35 54 
38 67 67 
84 52 43 
68 48 20 
74 35 78 
90 70 63 
11 38 0 
95 70 28 
92 70 47 
12 72 51 
30 68 86 
84 6 53 
50 90 4 
94 57 53 
14 31 88 
93 20 58 
55 32 96 
56 26 66 
84 18 35 
31 30 7 
82 60 76 
68 43 83 
20 94 72 
25 88 29 
78 1 60 
66 94 81 
23 48 12 
19 3 38 
85 88 56 
20 18 87 
28 0 46 
4 69 90 
87 89 84 
58 14 71 
88 93 72 
48 58 65 
28 82 13 
40 0 17 
79 85 4 
35 5 23 
21 33 24 
68 37 93 
57 24 82 
41 82 96 
11 70 89 
83 17 47 
48 45 28 
62 86 29 
79 65 14 
83 100 19 
6 20 53 
30 89 91 
22 45 14 
4 86 97 
100 98 66 
89 81 84 
35 28 28 
64 91 14 
93 69 79 
7 52 78 
26 58 99 
79 89 87 
70 11 32 
84 15 18 
81 15 15 
46 3 96 
29 39 24 
58 3 14 
72 97 84 
51 3 35 
28 29 94 
27 8 82 
14 78 93 
46 62 8 
65 42 23 
81 89 27 
77 18 66 
0 76 70 
15 48 66 
99 100 69 
34 28 99 
27 55 7 
9 69 86 
1 15 47 
9 81 90 
33 61 78 
60 37 97 
26 38 73 
96 54 21 
61 53 20 
30 87 48 
29 13 3 
36 22 73 
22 24 88 
69 34 69 
59 68 29 
37 27 67 
33 53 4 
5 48 59 
26 9 11 
47 40 98 
95 69 11 
98 5 34 
70 27 59 
58 96 93 
27 55 60 
56 92 88 
23 25 40 
28 30 89 
87 57 99 
98 3 38 
96 99 6 
7 96 11 
41 66 38 
100 24 34 
93 51 89 
53 7 81 
41 30 5 
82 59 36 
70 45 93 
69 43 97 
6 39 95 
13 46 91 
25 88 57 
64 88 81 
99 81 32 
88 33 40 
68 75 71 
74 56 29 
9 26 75 
2 95 17 
99 1 57 
93 15 2 
84 40 91 
40 3 78 
21 1 58 
53 89 92 
94 57 66 
64 30 22 
93 39 48 
67 41 43 
85 39 45 
41 32 60 
44 16 100 
35 57 3 
12 78 5 
71 31 94 
63 24 51 
29 88 81 
51 81 20 
100 47 61 
43 32 0 
88 74 33 
47 18 50 
46 53 6 
50 66 85 
55 36 15 
49 99 40 
100 28 28 
80 79 8 
100 79 56 
61 21 88 
62 8 61 
95 55 79 
45 1 32 
51 51 98 
35 5 33 
51 54 32 
91 54 60 
19 33 39 
27 33 18 
83 95 39 
71 56 48 
31 51 2 
10 96 4 
42 46 56 
39 82 61 
73 32 15 
5 23 69 
66 42 2 
4 70 36 
23 52 30 
62 23 86 
9 54 37 
12 65 32 
17 7 79 
73 46 61 
34 19 94 
50 24 16 
19 90 59 
21 95 28 
58 17 81 
88 80 3 
74 89 58 
11 1 23 
43 19 30 
22 92 76 
83 25 96 
76 76 19 
93 95 8 
52 15 2 
80 73 19 
61 61 99 
65 35 88 
22 46 90 
45 90 9 
75 11 0 
51 95 26 
46 71 1 
66 64 96 
74 15 11 
77 96 85 
97 56 46 
96 20 81 
84 43 26 
74 89 16 
83 64 27 
84 14 22 
9 61 94 
11 26 57 
7 0 73 
18 78 68 
3 74 24 
49 69 45 
29 53 89 
56 26 77 
72 8 40 
100 92 55 
22 1 16 
15 13 43 
73 20 43 
46 39 20 
14 42 95 
39 91 64 
84 20 16 
73 76 42 
49 48 51 
90 47 43 
45 69 45 
61 85 58 
4 58 78 
48 3 16 
69 17 59 
63 56 50 
26 40 70 
43 12 46 
86 62 94 
36 51 41 
80 97 10 
24 58 96 
82 62 53 
60 9 56 
77 79 74 
35 41 30 
85 68 70 
55 11 82 
0 97 43 
95 32 95 
36 11 91 
47 36 48 
42 17 10 
96 77 20 
52 53 99 
25 89 40 
55 73 8 
25 28 19 
6 28 15 
50 23 48 
45 60 60 
36 6 96 
85 49 12 
95 44 90 
14 96 43 
13 21 31 
53 76 4 
61 0 32 
81 7 61 
96 58 84 
44 3 44 
3 39 50 
99 23 99 
11 17 43 
1 32 38 
44 45 59 
76 99 35 
80 60 36 
11 40 44 
73 36 2 
56 81 5 
100 84 44 
50 83 68 
49 95 86 
92 96 18 
30 40 64 
90 15 62 
25 96 22 
62 6 63 
5 80 99 
8 35 79 
13 35 63 
58 86 46 
26 35 40 
11 27 36 
29 58 76 
93 47 92 
55 73 87 
77 34 94 
39 40 73 
38 48 8 
17 62 44 
80 19 30 
25 46 65 
65 57 92 
1 87 49 
78 79 97 
69 33 69 
56 10 3 
50 49 43 
23 88 92 
31 4 53 
76 84 73 
5 9 18 
71 75 76 
62 76 62 
11 53 40 
7 22 74 
77 79 85 
80 28 34 
23 51 21 
14 83 25 
68 59 9 
41 64 18 
60 34 94 
35 97 69 
97 7 22 
37 15 44 
11 92 22 
96 71 51 
30 95 1 
52 8 85 
77 77 43 
87 17 7 
5 77 42 
99 11 38 
68 8 46 
90 46 61 
34 57 52 
56 53 23 
7 83 17 
8 34 26 
94 11 2 
37 99 19 
44 4 97 
86 2 7 
24 70 16 
71 60 62 
31 94 18 
84 50 72 
7 57 55 
25 66 90 
51 59 1 
54 96 100 
74 40 3 
70 26 6 
78 50 77 
94 21 36 
56 52 29 
75 36 80 
46 44 36 
1 69 1 
91 20 61 
93 74 56 
93 47 97 
97 17 22 
2 95 73 
80 89 94 
15 44 45 
45 18 82 
24 65 25 
61 66 95 
62 57 14 
23 49 88 
79 41 35 
76 37 52 
98 40 47 
70 19 35 
63 35 79 
8 81 98 
90 5 63 
15 66 28 
9 28 86 
23 51 34 
11 30 76 
46 5 13 
99 2 53 
45 73 73 
80 35 7 
59 43 88 
57 33 94 
19 48 59 
47 58 88 
32 81 39 
67 92 69 
42 38 75 
55 36 78 
8 81 50 
81 61 85 
88 19 28 
76 76 62 
69 95 9 
28 42 68 
16 74 48 
55 41 40 
23 83 79 
98 38 14 
76 46 96 
25 26 56 
10 14 75 
39 90 51 
0 59 45 
10 88 87 
78 3 61 
26 58 1 
66 82 85 
44 80 22 
59 55 69 
54 80 95 
9 91 8 
85 29 99 
35 29 58 
80 39 46 
67 17 49 
28 43 7 
29 8 89 
14 53 68 
36 12 22 
4 66 2 
100 76 93 
8 61 21 
7 96 51 
65 76 90 
11 43 7 
60 71 50 
67 0 59 
56 14 12 
23 51 24 
46 56 91 
48 55 66 
40 63 26 
62 71 22 
12 36 99 
1 47 41 
9 7 11 
59 75 11 
18 30 25 
30 54 76 
54 100 31 
44 47 87 
10 88 50 
37 49 20 
60 61 56 
58 63 2 
99 72 10 
9 30 85 
21 48 14 
47 79 68 
22 32 67 
54 77 14 
41 88 1 
91 25 50 
11 85 10 
67 43 73 
70 41 44 
80 51 75 
64 73 23 
79 19 1 
47 42 34 
13 96 10 
28 37 99 
29 27 23 
80 38 8 
90 5 51 
63 76 93 
7 55 43 
83 19 15 
5 99 35 
6 45 77 
40 59 73 
51 87 9 
50 16 37 
73 96 75 
82 86 81 
33 49 56 
25 56 11 
69 38 31 
85 44 29 
19 50 75 
96 91 33 
68 42 20 
77 92 37 
13 65 32 
89 47 18 
70 80 67 
25 4 23 
37 73 62 
68 58 5 
98 77 56 
72 72 47 
5 39 89 
26 16 81 
63 30 46 
96 19 93 
14 89 72 
81 14 77 
4 51 50 
66 18 7 
71 16 84 
27 89 56 
74 95 96 
62 20 11 
43 84 42 
89 79 61 
82 93 49 
53 74 63 
30 79 14 
80 44 33 
87 15 49 
70 42 37 
25 16 32 
20 78 52 
32 21 35 
74 10 14 
35 92 7 
84 45 82 
47 75 60 
61 54 4 
94 40 20 
43 10 62 
81 36 78 
12 57 56 
64 89 78 
100 63 88 
14 98 79 
21 82 23 
2 29 98 
63 91 52 
67 85 92 
87 27 1 
49 7 38 
27 19 95 
84 84 83 
61 84 46 
49 98 44 
28 18 26 
52 21 55 
49 84 45 
0 51 30 
93 37 57 
95 87 64 
32 13 84 
26 98 68 
9 59 51 
55 7 49 
99 35 68 
24 87 89 
80 36 73 
25 37 23 
55 29 61 
11 23 47 
76 56 61 
60 82 58 
27 91 17 
79 46 24 
27 45 60 
95 69 46 
84 49 83 
56 74 19 
80 29 49 
41 40 73 
89 16 28 
